# Frequency (rad/s)  Magnitude
-1.910225e+01 2.355833e-13
-1.895183e+01 2.160276e-13
-1.880142e+01 2.343287e-13
-1.865101e+01 2.482334e-13
-1.850060e+01 5.247023e-14
-1.835019e+01 1.398540e-14
-1.819978e+01 2.350455e-13
-1.804937e+01 4.416865e-13
-1.789895e+01 3.235203e-13
-1.774854e+01 1.684100e-13
-1.759813e+01 3.985202e-13
-1.744772e+01 8.067434e-14
-1.729731e+01 3.969286e-13
-1.714690e+01 1.249052e-13
-1.699649e+01 2.498186e-13
-1.684608e+01 3.878420e-13
-1.669566e+01 3.317358e-13
-1.654525e+01 3.046141e-13
-1.639484e+01 2.255756e-13
-1.624443e+01 1.077893e-13
-1.609402e+01 3.538533e-13
-1.594361e+01 3.892069e-13
-1.579320e+01 5.456924e-14
-1.564278e+01 3.386759e-13
-1.549237e+01 3.114016e-13
-1.534196e+01 2.583539e-13
-1.519155e+01 2.094723e-13
-1.504114e+01 2.419639e-13
-1.489073e+01 1.458389e-13
-1.474032e+01 2.974233e-13
-1.458990e+01 3.549406e-13
-1.443949e+01 1.580354e-13
-1.428908e+01 1.496464e-13
-1.413867e+01 8.600324e-14
-1.398826e+01 2.345777e-13
-1.383785e+01 4.615666e-13
-1.368744e+01 1.036587e-13
-1.353702e+01 2.449712e-13
-1.338661e+01 5.374213e-14
-1.323620e+01 1.184387e-13
-1.308579e+01 3.882910e-13
-1.293538e+01 1.152666e-13
-1.278497e+01 2.543670e-13
-1.263456e+01 8.062023e-14
-1.248414e+01 8.612726e-14
-1.233373e+01 3.141905e-13
-1.218332e+01 2.498865e-14
-1.203291e+01 9.767565e-14
-1.188250e+01 1.879009e-13
-1.173209e+01 2.060574e-13
-1.158168e+01 1.017284e-13
-1.143127e+01 1.043275e-13
-1.128085e+01 1.333054e-13
-1.113044e+01 1.937493e-13
-1.098003e+01 3.282432e-14
-1.082962e+01 9.916026e-14
-1.067921e+01 1.240011e-13
-1.052880e+01 1.858547e-13
-1.037839e+01 9.517299e-14
-1.022797e+01 1.228860e-13
-1.007756e+01 6.306773e-14
-9.927151e+00 4.832736e-14
-9.776740e+00 1.030578e-13
-9.626329e+00 1.068447e-13
-9.475917e+00 9.179689e-14
-9.325506e+00 1.516765e-13
-9.175095e+00 3.552714e-14
-9.024683e+00 7.914582e-14
-8.874272e+00 2.484778e-13
-8.723860e+00 4.407155e-14
-8.573449e+00 1.170788e-13
-8.423038e+00 9.462983e-15
-8.272626e+00 5.850191e-14
-8.122215e+00 1.157244e-13
-7.971803e+00 1.239160e-13
-7.821392e+00 1.962874e-13
-7.670981e+00 2.083351e-13
-7.520569e+00 1.536000e+01
-7.370158e+00 9.217559e-14
-7.219746e+00 1.548707e-13
-7.069335e+00 4.101038e-14
-6.918924e+00 3.950196e-13
-6.768512e+00 1.280000e+01
-6.618101e+00 9.916225e-14
-6.467690e+00 7.591361e-14
-6.317278e+00 1.726554e-13
-6.166867e+00 1.604694e-13
-6.016455e+00 3.399531e-14
-5.866044e+00 9.016761e-14
-5.715633e+00 1.255895e-13
-5.565221e+00 2.509459e-13
-5.414810e+00 2.463395e-14
-5.264398e+00 1.024000e+01
-5.113987e+00 4.319895e-14
-4.963576e+00 7.066532e-14
-4.813164e+00 1.296879e-13
-4.662753e+00 6.749024e-14
-4.512342e+00 1.536000e+01
-4.361930e+00 1.585817e-13
-4.211519e+00 9.911774e-14
-4.061107e+00 6.123924e-14
-3.910696e+00 4.304918e-14
-3.760285e+00 1.280000e+01
-3.609873e+00 1.195747e-15
-3.459462e+00 5.502272e-14
-3.309050e+00 6.990421e-14
-3.158639e+00 3.509429e-14
-3.008228e+00 2.560000e+00
-2.857816e+00 1.158343e-13
-2.707405e+00 1.146294e-13
-2.556994e+00 9.369046e-14
-2.406582e+00 1.435755e-14
-2.256171e+00 7.168000e+01
-2.105759e+00 9.951786e-14
-1.955348e+00 2.305017e-14
-1.804937e+00 9.354616e-14
-1.654525e+00 1.313101e-13
-1.504114e+00 5.120000e+01
-1.353702e+00 3.276061e-14
-1.203291e+00 3.819232e-14
-1.052880e+00 7.886249e-14
-9.024683e-01 2.739350e-14
-7.520569e-01 7.680000e+01
-6.016455e-01 1.201355e-13
-4.512342e-01 1.325333e-13
-3.008228e-01 1.199078e-13
-1.504114e-01 1.000696e-13
0.000000e+00 2.022400e+02
1.504114e-01 1.000696e-13
3.008228e-01 1.199078e-13
4.512342e-01 1.325333e-13
6.016455e-01 1.201355e-13
7.520569e-01 7.680000e+01
9.024683e-01 2.739350e-14
1.052880e+00 7.886249e-14
1.203291e+00 3.819232e-14
1.353702e+00 3.276061e-14
1.504114e+00 5.120000e+01
1.654525e+00 1.313101e-13
1.804937e+00 9.354616e-14
1.955348e+00 2.305017e-14
2.105759e+00 9.951786e-14
2.256171e+00 7.168000e+01
2.406582e+00 1.435755e-14
2.556994e+00 9.369046e-14
2.707405e+00 1.146294e-13
2.857816e+00 1.158343e-13
3.008228e+00 2.560000e+00
3.158639e+00 3.509429e-14
3.309050e+00 6.990421e-14
3.459462e+00 5.502272e-14
3.609873e+00 1.195747e-15
3.760285e+00 1.280000e+01
3.910696e+00 4.304918e-14
4.061107e+00 6.123924e-14
4.211519e+00 9.911774e-14
4.361930e+00 1.585817e-13
4.512342e+00 1.536000e+01
4.662753e+00 6.749024e-14
4.813164e+00 1.296879e-13
4.963576e+00 7.066532e-14
5.113987e+00 4.319895e-14
5.264398e+00 1.024000e+01
5.414810e+00 2.463395e-14
5.565221e+00 2.509459e-13
5.715633e+00 1.255895e-13
5.866044e+00 9.016761e-14
6.016455e+00 3.399531e-14
6.166867e+00 1.604694e-13
6.317278e+00 1.726554e-13
6.467690e+00 7.591361e-14
6.618101e+00 9.916225e-14
6.768512e+00 1.280000e+01
6.918924e+00 3.950196e-13
7.069335e+00 4.101038e-14
7.219746e+00 1.548707e-13
7.370158e+00 9.217559e-14
7.520569e+00 1.536000e+01
7.670981e+00 2.083351e-13
7.821392e+00 1.962874e-13
7.971803e+00 1.239160e-13
8.122215e+00 1.157244e-13
8.272626e+00 5.850191e-14
8.423038e+00 9.462983e-15
8.573449e+00 1.170788e-13
8.723860e+00 4.407155e-14
8.874272e+00 2.484778e-13
9.024683e+00 7.914582e-14
9.175095e+00 3.552714e-14
9.325506e+00 1.516765e-13
9.475917e+00 9.179689e-14
9.626329e+00 1.068447e-13
9.776740e+00 1.030578e-13
9.927151e+00 4.832736e-14
1.007756e+01 6.306773e-14
1.022797e+01 1.228860e-13
1.037839e+01 9.517299e-14
1.052880e+01 1.858547e-13
1.067921e+01 1.240011e-13
1.082962e+01 9.916026e-14
1.098003e+01 3.282432e-14
1.113044e+01 1.937493e-13
1.128085e+01 1.333054e-13
1.143127e+01 1.043275e-13
1.158168e+01 1.017284e-13
1.173209e+01 2.060574e-13
1.188250e+01 1.879009e-13
1.203291e+01 9.767565e-14
1.218332e+01 2.498865e-14
1.233373e+01 3.141905e-13
1.248414e+01 8.612726e-14
1.263456e+01 8.062023e-14
1.278497e+01 2.543670e-13
1.293538e+01 1.152666e-13
1.308579e+01 3.882910e-13
1.323620e+01 1.184387e-13
1.338661e+01 5.374213e-14
1.353702e+01 2.449712e-13
1.368744e+01 1.036587e-13
1.383785e+01 4.615666e-13
1.398826e+01 2.345777e-13
1.413867e+01 8.600324e-14
1.428908e+01 1.496464e-13
1.443949e+01 1.580354e-13
1.458990e+01 3.549406e-13
1.474032e+01 2.974233e-13
1.489073e+01 1.458389e-13
1.504114e+01 2.419639e-13
1.519155e+01 2.094723e-13
1.534196e+01 2.583539e-13
1.549237e+01 3.114016e-13
1.564278e+01 3.386759e-13
1.579320e+01 5.456924e-14
1.594361e+01 3.892069e-13
1.609402e+01 3.538533e-13
1.624443e+01 1.077893e-13
1.639484e+01 2.255756e-13
1.654525e+01 3.046141e-13
1.669566e+01 3.317358e-13
1.684608e+01 3.878420e-13
1.699649e+01 2.498186e-13
1.714690e+01 1.249052e-13
1.729731e+01 3.969286e-13
1.744772e+01 8.067434e-14
1.759813e+01 3.985202e-13
1.774854e+01 1.684100e-13
1.789895e+01 3.235203e-13
1.804937e+01 4.416865e-13
1.819978e+01 2.350455e-13
1.835019e+01 1.398540e-14
1.850060e+01 5.247023e-14
1.865101e+01 2.482334e-13
1.880142e+01 2.343287e-13
1.895183e+01 2.160276e-13
1.910225e+01 2.355833e-13
1.925266e+01 8.668790e-14
