# Frequency (rad/s)  Magnitude
-1.902763e+01 9.753550e-15
-1.887780e+01 1.189826e-14
-1.872798e+01 5.111474e-15
-1.857816e+01 9.681187e-15
-1.842833e+01 3.500782e-15
-1.827851e+01 1.102001e-15
-1.812868e+01 5.485941e-15
-1.797886e+01 3.705293e-15
-1.782904e+01 4.486954e-15
-1.767921e+01 1.521396e-14
-1.752939e+01 6.276861e-15
-1.737957e+01 4.123204e-15
-1.722974e+01 1.090270e-14
-1.707992e+01 4.031927e-15
-1.693009e+01 4.082152e-15
-1.678027e+01 1.036242e-14
-1.663045e+01 1.675596e-15
-1.648062e+01 7.275059e-15
-1.633080e+01 1.087715e-14
-1.618097e+01 6.274617e-15
-1.603115e+01 1.251986e-14
-1.588133e+01 2.450095e-14
-1.573150e+01 3.691930e-14
-1.558168e+01 6.208349e-14
-1.543186e+01 1.219997e-13
-1.528203e+01 2.093949e-13
-1.513221e+01 3.624538e-13
-1.498238e+01 6.471675e-13
-1.483256e+01 1.139437e-12
-1.468274e+01 1.971472e-12
-1.453291e+01 3.415698e-12
-1.438309e+01 5.886502e-12
-1.423326e+01 1.005847e-11
-1.408344e+01 1.708576e-11
-1.393362e+01 2.887236e-11
-1.378379e+01 4.852190e-11
-1.363397e+01 8.107438e-11
-1.348415e+01 1.347203e-10
-1.333432e+01 2.226394e-10
-1.318450e+01 3.658195e-10
-1.303467e+01 5.977414e-10
-1.288485e+01 9.712715e-10
-1.273503e+01 1.569337e-09
-1.258520e+01 2.521487e-09
-1.243538e+01 4.028665e-09
-1.228555e+01 6.400704e-09
-1.213573e+01 1.011247e-08
-1.198591e+01 1.588729e-08
-1.183608e+01 2.482017e-08
-1.168626e+01 3.855874e-08
-1.153644e+01 5.956673e-08
-1.138661e+01 9.150554e-08
-1.123679e+01 1.397828e-07
-1.108696e+01 2.123358e-07
-1.093714e+01 3.207416e-07
-1.078732e+01 4.817817e-07
-1.063749e+01 7.196281e-07
-1.048767e+01 1.068879e-06
-1.033785e+01 1.578746e-06
-1.018802e+01 2.318774e-06
-1.003820e+01 3.386628e-06
-9.888373e+00 4.918577e-06
-9.738550e+00 7.103530e-06
-9.588726e+00 1.020168e-05
-9.438902e+00 1.456908e-05
-9.289078e+00 2.068976e-05
-9.139254e+00 2.921740e-05
-8.989430e+00 4.102896e-05
-8.839607e+00 5.729309e-05
-8.689783e+00 7.955670e-05
-8.539959e+00 1.098536e-04
-8.390135e+00 1.508393e-04
-8.240311e+00 2.059574e-04
-8.090487e+00 2.796426e-04
-7.940664e+00 3.775652e-04
-7.790840e+00 5.069248e-04
-7.641016e+00 6.767961e-04
-7.491192e+00 8.985351e-04
-7.341368e+00 1.186247e-03
-7.191544e+00 1.557320e-03
-7.041721e+00 2.033029e-03
-6.891897e+00 2.639199e-03
-6.742073e+00 3.406931e-03
-6.592249e+00 4.373383e-03
-6.442425e+00 5.582574e-03
-6.292601e+00 7.086215e-03
-6.142777e+00 8.944519e-03
-5.992954e+00 1.122697e-02
-5.843130e+00 1.401299e-02
-5.693306e+00 1.739249e-02
-5.543482e+00 2.146623e-02
-5.393658e+00 2.634587e-02
-5.243834e+00 3.215379e-02
-5.094011e+00 3.902246e-02
-4.944187e+00 4.709338e-02
-4.794363e+00 5.651555e-02
-4.644539e+00 6.744331e-02
-4.494715e+00 8.003365e-02
-4.344891e+00 9.444287e-02
-4.195068e+00 1.108227e-01
-4.045244e+00 1.293156e-01
-3.895420e+00 1.500500e-01
-3.745596e+00 1.731346e-01
-3.595772e+00 1.986527e-01
-3.445948e+00 2.266564e-01
-3.296124e+00 2.571606e-01
-3.146301e+00 2.901373e-01
-2.996477e+00 3.255110e-01
-2.846653e+00 3.631537e-01
-2.696829e+00 4.028823e-01
-2.547005e+00 4.444559e-01
-2.397181e+00 4.875756e-01
-2.247358e+00 5.318855e-01
-2.097534e+00 5.769752e-01
-1.947710e+00 6.223848e-01
-1.797886e+00 6.676112e-01
-1.648062e+00 7.121166e-01
-1.498238e+00 7.553381e-01
-1.348415e+00 7.966995e-01
-1.198591e+00 8.356232e-01
-1.048767e+00 8.715439e-01
-8.989430e-01 9.039219e-01
-7.491192e-01 9.322564e-01
-5.992954e-01 9.560985e-01
-4.494715e-01 9.750631e-01
-2.996477e-01 9.888392e-01
-1.498238e-01 9.971980e-01
0.000000e+00 1.000000e+00
1.498238e-01 9.971980e-01
2.996477e-01 9.888392e-01
4.494715e-01 9.750631e-01
5.992954e-01 9.560985e-01
7.491192e-01 9.322564e-01
8.989430e-01 9.039219e-01
1.048767e+00 8.715439e-01
1.198591e+00 8.356232e-01
1.348415e+00 7.966995e-01
1.498238e+00 7.553381e-01
1.648062e+00 7.121166e-01
1.797886e+00 6.676112e-01
1.947710e+00 6.223848e-01
2.097534e+00 5.769752e-01
2.247358e+00 5.318855e-01
2.397181e+00 4.875756e-01
2.547005e+00 4.444559e-01
2.696829e+00 4.028823e-01
2.846653e+00 3.631537e-01
2.996477e+00 3.255110e-01
3.146301e+00 2.901373e-01
3.296124e+00 2.571606e-01
3.445948e+00 2.266564e-01
3.595772e+00 1.986527e-01
3.745596e+00 1.731346e-01
3.895420e+00 1.500500e-01
4.045244e+00 1.293156e-01
4.195068e+00 1.108227e-01
4.344891e+00 9.444287e-02
4.494715e+00 8.003365e-02
4.644539e+00 6.744331e-02
4.794363e+00 5.651555e-02
4.944187e+00 4.709338e-02
5.094011e+00 3.902246e-02
5.243834e+00 3.215379e-02
5.393658e+00 2.634587e-02
5.543482e+00 2.146623e-02
5.693306e+00 1.739249e-02
5.843130e+00 1.401299e-02
5.992954e+00 1.122697e-02
6.142777e+00 8.944519e-03
6.292601e+00 7.086215e-03
6.442425e+00 5.582574e-03
6.592249e+00 4.373383e-03
6.742073e+00 3.406931e-03
6.891897e+00 2.639199e-03
7.041721e+00 2.033029e-03
7.191544e+00 1.557320e-03
7.341368e+00 1.186247e-03
7.491192e+00 8.985351e-04
7.641016e+00 6.767961e-04
7.790840e+00 5.069248e-04
7.940664e+00 3.775652e-04
8.090487e+00 2.796426e-04
8.240311e+00 2.059574e-04
8.390135e+00 1.508393e-04
8.539959e+00 1.098536e-04
8.689783e+00 7.955670e-05
8.839607e+00 5.729309e-05
8.989430e+00 4.102896e-05
9.139254e+00 2.921740e-05
9.289078e+00 2.068976e-05
9.438902e+00 1.456908e-05
9.588726e+00 1.020168e-05
9.738550e+00 7.103530e-06
9.888373e+00 4.918577e-06
1.003820e+01 3.386628e-06
1.018802e+01 2.318774e-06
1.033785e+01 1.578746e-06
1.048767e+01 1.068879e-06
1.063749e+01 7.196281e-07
1.078732e+01 4.817817e-07
1.093714e+01 3.207416e-07
1.108696e+01 2.123358e-07
1.123679e+01 1.397828e-07
1.138661e+01 9.150554e-08
1.153644e+01 5.956673e-08
1.168626e+01 3.855874e-08
1.183608e+01 2.482017e-08
1.198591e+01 1.588729e-08
1.213573e+01 1.011247e-08
1.228555e+01 6.400704e-09
1.243538e+01 4.028665e-09
1.258520e+01 2.521487e-09
1.273503e+01 1.569337e-09
1.288485e+01 9.712715e-10
1.303467e+01 5.977414e-10
1.318450e+01 3.658195e-10
1.333432e+01 2.226394e-10
1.348415e+01 1.347203e-10
1.363397e+01 8.107438e-11
1.378379e+01 4.852190e-11
1.393362e+01 2.887236e-11
1.408344e+01 1.708576e-11
1.423326e+01 1.005847e-11
1.438309e+01 5.886502e-12
1.453291e+01 3.415698e-12
1.468274e+01 1.971472e-12
1.483256e+01 1.139437e-12
1.498238e+01 6.471675e-13
1.513221e+01 3.624538e-13
1.528203e+01 2.093949e-13
1.543186e+01 1.219997e-13
1.558168e+01 6.208349e-14
1.573150e+01 3.691930e-14
1.588133e+01 2.450095e-14
1.603115e+01 1.251986e-14
1.618097e+01 6.274617e-15
1.633080e+01 1.087715e-14
1.648062e+01 7.275059e-15
1.663045e+01 1.675596e-15
1.678027e+01 1.036242e-14
1.693009e+01 4.082152e-15
1.707992e+01 4.031927e-15
1.722974e+01 1.090270e-14
1.737957e+01 4.123204e-15
1.752939e+01 6.276861e-15
1.767921e+01 1.521396e-14
1.782904e+01 4.486954e-15
1.797886e+01 3.705293e-15
1.812868e+01 5.485941e-15
1.827851e+01 1.102001e-15
1.842833e+01 3.500782e-15
1.857816e+01 9.681187e-15
1.872798e+01 5.111474e-15
1.887780e+01 1.189826e-14
1.902763e+01 9.753550e-15
1.917745e+01 2.717627e-16
